Aufgabe 1:
a) Exakte Summe ist 1/31500
b) Ergebnis: 0.000000
c) Ergebnis: 0.000032
d) Ergebnis: 0.000032
e) 
f) Ergebnis: 0.000032

Aufgabe 2:
a) Schritte: 17
b) 

Aufgabe 3:
2)

 103:
 103, 310, 155, 466, 233, 700, 350, 175, 526, 263, 790, 395, 1186, 593, 1780, 890, 445, 1336, 668, 334, 167, 502, 251, 754, 377, 1132, 566, 283, 850, 425, 1276, 638, 319, 958, 479, 1438, 719, 2158, 1079, 3238, 1619, 4858, 2429, 7288, 3644, 1822, 911, 2734, 1367, 4102, 2051, 6154, 3077, 9232, 4616, 2308, 1154, 577, 1732, 866, 433, 1300, 650, 325, 976, 488, 244, 122, 61, 184, 92, 46, 23, 70, 35, 106, 53, 160, 80, 40, 20, 10, 5, 16, 8, 4, 2, 1
 Die laenge der Folge ist 88.

 579:
 579, 1738, 869, 2608, 1304, 652, 326, 163, 490, 245, 736, 368, 184, 92, 46, 23, 70, 35, 106, 53, 160, 80, 40, 20, 10, 5, 16, 8, 4, 2, 1
 Die laenge der Folge ist 31.

 3458:
 3458, 1729, 5188, 2594, 1297, 3892, 1946, 973, 2920, 1460, 730, 365, 1096, 548, 274, 137, 412, 206, 103, 310, 155, 466, 233, 700, 350, 175, 526, 263, 790, 395, 1186, 593, 1780, 890, 445, 1336, 668, 334, 167, 502, 251, 754, 377, 1132, 566, 283, 850, 425, 1276, 638, 319, 958, 479, 1438, 719, 2158, 1079, 3238, 1619, 4858, 2429, 7288, 3644, 1822, 911, 2734, 1367, 4102, 2051, 6154, 3077, 9232, 4616, 2308, 1154, 577, 1732, 866, 433, 1300, 650, 325, 976, 488, 244, 122, 61, 184, 92, 46, 23, 70, 35, 106, 53, 160, 80, 40, 20, 10, 5, 16, 8, 4, 2, 1
 Die laenge der Folge ist 106.
 
3)

 Die längste Anzahl an Folgegliedern hat die Zahl 871.(179 Stück)

